-2.5
2.0
0.19911479007014687;-0.66283267177553
-0.32155171788466763;-2.3289654972309366
1.3108299391378342;2.8946558052410696
-1.730322377648137;-6.837031608474038
1.159037638895044;2.408920444464141
-2.060652670031119;-7.894088544099581
0.3991658215898539;-0.022669370912467457
0.4581882710175966;0.16620246725630916
-2.10493935245948;-8.035805927870337
-0.2691593930021279;-2.1613100576068094
-2.2762851030855042;-8.584112329873614
-1.4911057971748973;-6.071538550959671
-0.7516129389494757;-3.7051614046383223
1.8953483691565625;4.765114781301
-1.1335512403704489;-4.9273639691854365
-1.3994090324578576;-5.778108903865144
1.843475508237158;4.599121626358905
-2.0270172465010545;-7.786455188803375
-0.9091037253183161;-4.209131921018612
-1.7192535107232072;-6.801611234314263
0.3309410271141173;-0.24098871323482451
-0.9339003880401195;-4.288481241728383
0.8196799686131877;1.322975899562201
0.6274314784848234;0.7077807311514348
-0.8333800395933499;-3.9668161266987196
0.3108145787427259;-0.3053933480232771
1.2976283161098783;2.852410611551611
1.3082534100070458;2.886410912022547
1.7568758101871715;4.32200259259895
-0.43318847932661875;-2.68620313384518
-1.1669547896872343;-5.03425532699915
1.7101215878538145;4.172389081132207
-1.0747747638385081;-4.739279244283226
0.5617712013683267;0.49766784437864553
-0.3652884482064551;-2.4689230342606567
-1.0613288975614479;-4.696252472196633
-2.219638679817587;-8.40284377541628
1.351748610325079;3.0255955530402536
-0.6128001242271957;-3.2609603975270263
-0.8888242844515828;-4.144237710245065
-1.8093472884537503;-7.089911323052001
1.583826687199811;3.7682453990393956
0.3320775895056456;-0.23735171358193408
-2.0082253040378593;-7.72632097292115
0.6951967479497791;0.9246295934392934
0.1723748588529408;-0.7484004516705894
-0.2524202270587823;-2.1077447265881037
0.14284468035914077;-0.8428970228507495
0.3065049990251163;-0.3191840031196278
1.1252406223416358;2.300769991493235
-0.655673522443788;-3.398155271820122
0.3913432252829647;-0.04770167909451284
-1.7151013096946086;-6.788324191022748
1.381201820304934;3.1198458249757897
0.7196656441068998;1.0029300611420793
1.0339518726247334;2.0086459923991473
-2.41030798132026;-9.012985540224832
-1.3549918563310517;-5.635973940259365
-1.8617822523338066;-7.2577032074681815
-0.17015188987372643;-1.8444860475959246
-1.6627569364594503;-6.620822196670241
-0.16865992191272294;-1.8397117501207134
-0.9687992909358638;-4.400157730994764
1.9549330770678335;4.955785846617068
1.7209481924418668;4.207034215813974
-1.6459871432566944;-6.567158858421422
0.23211436622150572;-0.5572340280911817
-2.2836559721636664;-8.607699110923733
0.47325976605474995;0.2144312513751998
-2.378246129377173;-8.910387614006954
-2.4086391347998823;-9.007645231359625
1.9510791076189227;4.943453144380553
-1.925195517074192;-7.460625654637414
1.7268824735157695;4.226023915250463
-0.26261997023377637;-2.1403839047480844
0.15756315116925768;-0.7957979162583755
1.0406805930269298;2.0301778976861753
-1.0617815464393525;-4.697700948605928
-0.12312155024891513;-1.6939889607965286
-1.466017974636319;-5.991257518836221
1.739012427013649;4.264839766443678
0.7345488797256139;1.0505564151219644
0.15172889948939527;-0.8144675216339352
-1.7777866116956083;-6.988917157425947
1.8218401013764138;4.529888324404525
-2.2600188291624845;-8.532060253319951
-0.3048807375213993;-2.275618360068478
-1.3188161667974914;-5.520211733751973
1.4734220752671257;3.4149506408548023
1.0475096480371198;2.052030873718784
-1.8454706494967414;-7.205506078389573
1.2384779763928493;2.6631295244571183
-2.1939701391274644;-8.320704445207888
1.042125061124926;2.0348001955997637
0.07411227879652849;-1.0628407078511088
-1.505970844035196;-6.119106700912627
0.8583120602026999;1.44659859264864
0.9597938467615363;1.7713403096369162
-2.345939571664027;-8.807006629324887
-0.6252800509574648;-3.3008961630638876
0.2763057896444061;-0.4158214731379004
0.04363610607281965;-1.1603644605669772
0.5295324892076811;0.39450396546457966
1.2637199278488347;2.7439037691162715
1.3821741738903253;3.1229573564490414
0.28363063542163225;-0.39238196665077685
-2.1632788867782926;-8.222492437690537
1.7533888290582444;4.310844252986382
-1.5392517947128876;-6.225605743081241
-0.6488265166746212;-3.376244853358788
-0.04136236381476355;-1.4323595642072433
-0.3044258676284164;-2.2741627764109325
1.7189497391392825;4.200639165245705
0.9648208818521322;1.7874268219268232
-2.031806434345484;-7.801780589905549
-0.6518696824280621;-3.3859829837697992
1.498175697975542;3.4941622335217346
-1.4514577456605067;-5.944664786113622
-0.5888433307959082;-3.1842986585469064
1.0414874884173524;2.032759962935528
1.94471981945546;4.923103422257473
1.6688121025845515;4.040198728270565
-1.303441557867907;-5.471012985177302
-1.0859002493017167;-4.774880797765493
0.9683115180089512;1.7985968576286442
0.36187039807980037;-0.14201472614463873
-2.0128670981203136;-7.741174713985004
-1.6094020852529516;-6.450086672809445
1.4438486307454301;3.3203156183853766
-2.4125235752320897;-9.020075440742687
-2.3926359419471273;-8.956435014230808
-0.29852164858530905;-2.255269275472989
0.23640351714226737;-0.5435087451447445
-1.8295119887045075;-7.154438363854424
-2.3882807774671093;-8.94249848789475
-1.631846791172866;-6.521909731753172
1.754579517742691;4.314654456776612
1.216591133766368;2.5930916280523775
-0.7193513733686225;-3.6019243947795925
0.7021922431382377;0.9470151780423606
0.36229673845858423;-0.14065043693253054
-0.886490084099451;-4.136768269118243
0.9369267328130815;1.6981655450018607
-0.5074176241628079;-2.9237363973209853
-1.3959154654879453;-5.766929489561425
0.8540238516181482;1.4328763251780743
1.5999154061937606;3.8197292998200343
0.1798352643554617;-0.7245271540625225
-1.1760404399716107;-5.063329407909154
-0.45787829301499094;-2.765210537647971
0.12032651263089056;-0.9149551595811503
-0.0592308338312284;-1.489538668259931
1.382967126118007;3.125494803577623
-1.4313808387674487;-5.880418684055836
1.0630610576020536;2.1017953843265715
-1.2672055221061744;-5.355057670739758
-1.194536708227312;-5.122517466327398
0.5675684032669706;0.5162188904543059
-0.7692952539060849;-3.7617448124994715
0.9715298665998753;1.808895573119601
1.3092176767637311;2.88949656564394
-0.6102109432144482;-3.2526750182862347
1.3452567759481457;3.0048216830340664
-0.8594211893062047;-4.050147805779855
-0.20058661848867354;-1.9418771791637555
-1.545153595934819;-6.244491506991421
0.530670437310294;0.3981453993929407
-0.742707102370624;-3.676662727585997
-1.468377639740221;-5.998808447168708
-1.0321930143793026;-4.603017646013768
0.36378343703918414;-0.1358930014746107
0.7433511258300616;1.0787236026561973
-1.2261642494041558;-5.223725598093298
1.6120987863198257;3.8587161162234427
1.8862168224713756;4.7358938319084025
1.8739827985975293;4.696744955512094
0.4226251251843136;0.05240040058980355
-1.0451959600320415;-4.644627072102533
-1.405180951233879;-5.796579043948413
-0.39533717846364436;-2.565078971083662
-0.3464851271620235;-2.4087524069184756
-0.07428649419744016;-1.5377167814318087
-1.4467644940872932;-5.929646381079339
-1.3008935787022362;-5.462859451847156
-2.1893574870135857;-8.305943958443475
-1.643530790445546;-6.559298529425748
-0.6078205203437956;-3.245025665100146
1.207392533031657;2.5636561057013028
1.8657853736972783;4.670513195831291
1.191124938374743;2.5115998027991777
0.5909840242332014;0.5911488775462446
-2.0319570250672325;-7.802262480215144
-2.0981677186667906;-8.014136699733731
-0.8955480148011927;-4.165753647363817
-0.9419874348077744;-4.314359791384878
-1.5671132421470308;-6.314762374870499
1.7007771832554797;4.142486986417535
1.8893181242692334;4.745817997661548
0.6525061343926399;0.7880196300564479
1.23853634661707;2.6633163091746246
-0.8586856760417283;-4.04779416333353
1.0994687550764755;2.2183000162447213
0.4154452230947996;0.029424713903358768
-1.9266952819000644;-7.465424902080207
-0.263887466930667;-2.1444398941781344
-1.9409633123034846;-7.511082599371151
-2.09799440307743;-8.013582089847777
1.013391340279156;1.942852288893299
0.2638454628090612;-0.4556945190110042
-2.0248884480312914;-7.7796430337001325
-1.8668162547942622;-7.2738120153416395
-0.8728346526482982;-4.093070888474554
-1.423941816809175;-5.856613813789361
-1.9853066746360661;-7.652981358835412
-0.6908269145531143;-3.5106461265699656
-1.2286272053929022;-5.231607057257287
0.783946536695634;1.2086289174260287
-1.6676388033204887;-6.636444170625564
1.0520668301135432;2.0666138563633387
1.6280983803851692;3.9099148172325418
-2.3448716468729542;-8.803589269993454
-1.3400159626255095;-5.58805108040163
0.5704660548740152;0.5254913755968489
0.6563075465101127;0.8001841488323607
-0.324516436595923;-2.3384525971069534
-1.8051983475025997;-7.076634712008319
-0.73642760412297;-3.656568333193504
-1.243202030103159;-5.278246496330109
0.8561428159121993;1.4396570109190379
-0.3527954082373803;-2.4289453063596174
-1.5926585323221214;-6.396507303430789
-2.425610458155458;-9.061953466097465
-1.0092986675783449;-4.529755736250704
1.4345396475431005;3.2905268721379217
-0.3097230676746112;-2.291113816558756
-0.5138209350784424;-2.944226992251016
-1.3072630298314436;-5.483241695460619
-0.8677285980382254;-4.076731513722321
0.4914422835131571;0.2726153072421027
-0.5503109342949632;-3.0609949897438824
1.168710333519205;2.4398730672614564
0.418825709327705;0.0402422698486562
1.918268499345925;4.83845919790696
-1.4902617391436412;-6.068837565259652
-0.693674869321991;-3.519759581830371
0.37544430263287154;-0.09857823157481094
-0.7532633942463396;-3.7104428615882865
-0.11213689167659613;-1.6588380533651077
-2.2165732135025022;-8.393034283208008
0.12737905903704716;-0.8923870110814491
-2.4684877352517556;-9.199160752805618
-0.7968839299232728;-3.8500285757544734
-1.9724824596215742;-7.6119438707890374
-0.06224706623815912;-1.4991906119621092
1.7786103231441048;4.391553034061136
-0.5019288083628304;-2.906172186761057
1.4809660067908492;3.4390912217307177
-2.009583869151029;-7.7306683812832935
-0.30183051304956354;-2.265857641758603
1.8688636641579581;4.680363725305466
0.2519898632631348;-0.4936324375579687
0.2231264983329897;-0.585995205334433
1.1799121401540806;2.4757188484930586
0.12309233146579723;-0.9061045393094489
1.8564886710690187;4.64076374742086
-1.8026191947903987;-7.068381423329276
1.7588700430700799;4.328384137824256
0.014412243682968562;-1.2538808202145006
0.8808061975395289;1.5185798321264927
-0.883773743446457;-4.1280759790286625
-0.5360472270023044;-3.0153511264073742
-0.7723535454717574;-3.771531345509624
0.5204998822545539;0.3655996232145726
-0.27362072702910334;-2.1755863264931308
-2.433062872212033;-9.085801191078506
0.41324506916414805;0.022384221325273845
-0.9248049609226259;-4.259375874952403
-0.5340187404564518;-3.008859969460646
-1.1255437338655032;-4.9017399483696105
0.1949182251174557;-0.6762616796241417
1.6046025426981627;3.834728136634121
0.844317149928997;1.4018148797727903
-1.6694341671072146;-6.642189334743087
1.6992735947666038;4.137675503253132
1.075778362784888;2.1424907609116417
0.1648274230739859;-0.7725522461632451
-0.17753459261915738;-1.8681106963813037
0.2812840525669227;-0.3998910317858474
0.45670211860978993;0.1614467795513279
-0.17226032004631842;-1.851233024148219
-1.293045498904468;-5.437745596494297
1.2444158608140996;2.6821307546051187
-0.16374621161502034;-1.823987877168065
-1.9263506956715652;-7.464322226149009
-1.2998007364974375;-5.4593623567918
-1.0207570164108761;-4.566422452514804
-0.22433401913137718;-2.017868861220407
-1.3456241351007532;-5.6059972323224105
-2.1016103747512336;-8.025153199203949
1.0693786538202583;2.1220116922248264
1.2215302664506016;2.6088968526419256
-1.4575745801213715;-5.964238656388389
1.321864546197156;2.9299665478309
-2.4614504986432544;-9.176641595658415
1.435435344082867;3.293393101065175
-1.5846153897771105;-6.370769247286754
1.5002831865594706;3.5009061969903064
1.5376421935233617;3.6204550192747584
0.020316111232787204;-1.234988444055081
0.776576400794013;1.1850444825408417
0.241420171440891;-0.5274554513891487
0.8955502094558057;1.5657606702585782
-1.2514097602417389;-5.304511232773565
-2.301695202615484;-8.66542464836955
1.851163739372418;4.623723965991738
-1.4173516807744844;-5.83552537847835
-1.9778386415894884;-7.629083653086363
0.7990165548547417;1.2568529755351736
-0.8027060271551967;-3.868659286896629
1.7607237636860482;4.334316043795355
-1.5806324428970624;-6.3580238172706
0.6907083777824328;0.9102668089037851
-2.3653797968319425;-8.869215349862216
0.21819180663243065;-0.601786218776222
-1.0910484691399271;-4.791355101247767
0.7579080647330008;1.1253058071456026
1.4340540835905555;3.2889730674897777
-1.3855763841503637;-5.733844429281164
-2.063867412672394;-7.904375720551662
1.2545562535316304;2.7145800113012175
0.983199132910002;1.8462372253120065
1.5820148487214523;3.762447515908648
0.21085639989855398;-0.6252595203246273
-0.16988100439087983;-1.8436192140508156
0.15103186887817044;-0.8166980195898546
0.3608235360005434;-0.14536468479826103
1.6533033003059483;3.9905705609790347
-0.7787424849459221;-3.7919759518269514
-1.665745035172071;-6.630384112550628
1.7626041306684002;4.340333218138881
-1.9232695772322894;-7.454462647143326
0.4703839387560209;0.205228604019267
0.3278991246222671;-0.25072280120874524
1.8900672207315212;4.748215106340869
1.3127281247303433;2.9007299991370985
1.6574317337325137;4.003781547944045
-2.2122469300021605;-8.379190176006915
1.6591919405205822;4.009414209665864
-1.8910328302364445;-7.3513050567566225
0.7561675928405087;1.1197362970896279
-2.3228021004562183;-8.7329667214599
0.29862007642474;-0.344415755440832
-0.24548374053787336;-2.085547969721195
-2.1486255227342075;-8.175601672749465
-1.2839734790347939;-5.4087151329113405
-1.3750405954579557;-5.700129905465458
-1.4871935665652531;-6.05901941300881
-2.4217676106473576;-9.049656354071544
-2.0261766234838663;-7.783765195148372
0.01782461915342637;-1.2429612187090358
-0.9326780422362528;-4.284569735156009
0.27022608125340586;-0.4352765399891012
-1.624514467944977;-6.498446297423927
-1.8565561075845514;-7.240979544270565
1.810094723929648;4.492303116574875
-1.573092017131653;-6.33389445482129
-1.9885396839199725;-7.663326988543912
0.1006591224307769;-0.9778908082215139
0.4280811415597978;0.0698596529913531
0.7378429729293079;1.0610975133737852
1.7702803445038526;4.364897102412329
-0.21185151993904405;-1.9779248638049411
-1.1325013524221292;-4.924004327750814
-0.9759349463390059;-4.422991828284819
-2.0640280442843233;-7.904889741709835
1.9166986075605958;4.833435544193907
-0.11879868197231769;-1.6801557823114166
1.5833726534562649;3.7667924910600483
1.017916852333994;1.9573339274687813
0.21535538114606112;-0.6108627803326044
-0.5108286636556438;-2.9346517236980603
1.0507913104223578;2.0625321933515455
-2.294257059329758;-8.641622589855226
-0.9947197111707438;-4.483103075746381
0.3072053684873337;-0.31694282084053216
-1.989468164133465;-7.6662981252270885
-1.5331743269503546;-6.206157846241135
1.9401420397094666;4.908454527070294
-0.6761270324880022;-3.463606503961607
0.220771335945964;-0.5935317249729153
-2.0710257588438936;-7.92728242830046
0.8368705566366832;1.3779857812373864
1.3308272314608467;2.95864714067471
-0.5624128313205283;-3.099721060225691
-0.6841157727039031;-3.48917047265249
-1.3543992779106757;-5.634077689314163
-2.1634572750886036;-8.223063280283533
0.9493690352511601;1.7379809128037127
-1.672067764785178;-6.65061684731257
-1.7673635174761113;-6.955563255923557
0.9185617262520576;1.6393975240065843
-2.44196008017184;-9.114272256549889
-1.514107870769537;-6.145145186462519
-2.224739364144927;-8.419165965263767
-2.4056748143447173;-8.998159405903095
1.3684131890621067;3.078922204998742
0.5801504485041455;0.5564814352132659
-1.307780064976868;-5.484896207925978
1.9156669412482907;4.8301342119945305
0.372012776876395;-0.10955911399553608
-0.0070008164759083336;-1.3224026127229067
1.6587138162645356;4.007884212046514
0.6170496236350269;0.6745587956320862
0.4366867496663138;0.09739759893220423
-0.21341574724330936;-1.98293039117859
-1.120285995417805;-4.884915185336976
-1.2273799748654217;-5.22761591956935
-0.5616593924553004;-3.097310055856961
-0.9259128375369066;-4.262921080118101
-1.0795563261649312;-4.75458024372778
-0.4578380049140396;-2.7650816157249265
-2.103881093148024;-8.032419498073677
-1.6832808400651802;-6.686498688208577
0.017844118023269573;-1.2428988223255375
0.7110258110509431;0.9752825953630178
-1.4026359258658423;-5.788434962770696
1.3141042567357708;2.9051336215544667
-0.0781428917257001;-1.5500572535222403
1.8541104444118108;4.633153422117795
-1.676320310769202;-6.6642249944614464
-0.7193683943294225;-3.6019788618541524
0.9403511267998326;1.7091236057594645
-0.9210210222273907;-4.24726727112765
-1.5855737305138644;-6.373835937644366
0.025352769876365144;-1.2188711363956315
1.486519283524908;3.456861707279706
-0.5718163738116009;-3.129812396197123
-0.9710213232558793;-4.407268234418814
-0.12199606810110541;-1.6903874179235374
-1.9474223233715993;-7.5317514347891175
-1.8541208891115042;-7.233186845156814
1.5940722738950406;3.8010312764641307
-0.3712698430520418;-2.488063497766534
0.15859163389286923;-0.7925067715428185
-1.8611973184630968;-7.25583141908191
0.04756624855454206;-1.1477880046254654
0.3740908529474485;-0.1029092705681649
-1.0497416385906402;-4.659173243490049
-0.9133013024943832;-4.222564167982027
1.1149526052749024;2.2678483368796876
1.7869227704398876;4.418152865407641
-2.255526328771423;-8.517684252068555
1.7822656954002545;4.403250225280815
-2.0200617284314184;-7.764197530980539
-0.5473592086279488;-3.051549467609436
-2.0534879814161617;-7.871161540531718
-2.094295442606435;-8.001745416340592
-1.66457101321804;-6.626627242297729
1.539553017459541;3.626569655870532
1.3876464809212457;3.1404687389479866
-2.436054527087024;-9.095374486678478
1.9262433914000683;4.863978852480219
0.6957690325248187;0.9264609040794201
1.257037875834881;2.7225212026716195
-0.450367725289877;-2.741176720927607
-0.6801163275850595;-3.476372248272191
0.19027955941479657;-0.691105409872651
-2.0732791763911087;-7.934493364451548
-0.6000588622213423;-3.2201883591082954
1.7666940321854714;4.353420902993509
0.9407848100947138;1.7105113923030844
0.5935147109426064;0.5992470750163406
0.9603137308908369;1.7730039388506784
0.6357315594579336;0.7343409902653877
1.195850855935606;2.5267227389939393
-0.7133122025804757;-3.5825990482575225
-1.7168186936949819;-6.793819819823942
-0.9623195317734672;-4.379422501675095
-1.2360289179012007;-5.255292537283842
0.915202790100043;1.628648928320138
-0.683242026604157;-3.486374485133303
-1.6288640069886053;-6.512364822363537
0.30711141601010805;-0.3172434687676542
-0.8466279727840662;-4.009209512909012
1.9639824245511077;4.984743758563545
-0.8464126695644383;-4.0085205426062025
-1.6586824997616145;-6.607783999237166
1.088749355824763;2.1839979386392416
0.7166847162340737;0.9933910919490361
0.12342695503439849;-0.9050337438899249
-0.7880386066401193;-3.8217235412483817
0.6810890236970937;0.8794848758306999
-0.3049419223649288;-2.275814151567772
-1.2756856754531423;-5.382194161450055
1.9362066732029195;4.895861354249343
1.7061969603864178;4.159830273236538
0.04751151162085243;-1.1479631628132723
1.7082230795854745;4.166313854673519
-0.06973064158370113;-1.5231380530678438
0.48350500244793615;0.2472160078333958
-1.7090165378459505;-6.768852921107042
